      .lng.NullPointerException: Cnnot inoke "String.split(String)" becuse the return lue of ".io.BufferedReder.redLine()" is null
      11
      173
      26
      25
      92
      127
      53
      33
      12
      116
      52
      13
      44
      82
      37
      5
      1
      103
      73
      52
      48
      87
      11
      39
      0
      118
      25
      34
      36
      169
      18
      45
      26
      184
      37
      20
      49
      83
      16
      103
      0
      28
      42
      40
      90
      53
      15
      5
      1
      81
      25
      32
      29
      77
      11
      23
      3
      273
      25
      52
      79
      165
      28
      13
      8
      165
      48
      56
      88
      137
      20
      85
      29
      150
      70
      26
      126
      118
      58
      31
      2
      89
      114
      53
      105
      53
      26
      53
      8
      200
      49
      47
      117
      121
      25
      52
      16
      135
      42
      40
      82
      73
      63
      50
      65
      93
      149
      56
      108
      70
      26
      19
      9
      79
      33
      33
      98
      82
      28
      32
      2
      80
      37
      10
      51
      59
      26
      32
      5
      90
      46
      37
      49
      77
      20
      13
      1
      47
      57
      9
      45
      107
      31
      15
      1
      179
      67
      119
      93
      118
      35
      44
      14
      429
      26
      11
      147
      223
      98
      97
      52
      233
      120
      122
      150
      179
      117
      228
      15
      160
      127
      18
      87
      223
      27
      69
      36
      143
      75
      36
      121
      119
      57
      42
      5
      200
      63
      65
      101
      134
      68
      63
      6
      209
      78
      54
      106
      107
      110
      76
      26
      84
      81
      58
      138
      113
      44
      42
      4
      90
      87
      77
      75
      68
      12
      10
      11
      165
      58
      69
      50
      165
      59
      69
      4
      112
      93
      39
      105
      45
      20
      53
      9
      41
      93
      18
      71
      85
      15
      23
      1
      155
      62
      18
      61
      147
      19
      17
      0
      166
      34
      51
      91
      83
      40
      73
      17
      139
      97
      91
      113
      52
      99
      53
      28
      83
      9
      26
      86
      151
      69
      30
      45
      97
      95
      55
      56
      24
      33
      51
      0
      84
      43
      39
      71
      92
      28
      24
      5
      99
      46
      15
      105
      83
      68
      43
      28
      128
      68
      76
      110
      38
      31
      10
      5
      119
      60
      50
      99
      95
      38
      45
      9
      306
      57
      104
      200
      154
      85
      60
      25
      399
      178
      114
      144
      217
      115
      153
      12
      92
      112
      93
      112
      115
      70
      81
      2
      160
      75
      67
      81
      136
      18
      37
      10
      340
      32
      46
      68
      102
      56
      79
      21
      132
      61
      35
      121
      92
      56
      47
      19
      88
      69
      32
      136
      110
      22
      65
      14
      120
      49
      29
      52
      47
      13
      12
      2
      142
      19
      25
      65
      73
      36
      107
      3
      113
      98
      17
      70
      162
      73
      51
      7
      102
      81
      23
      106
      67
      104
      24
      4
      117
      118
      54
      80
      74
      16
      69
      7
      253
      23
      48
      68
      97
      28
      40
      6
      95
      56
      38
      168
      100
      58
      65
      4
      107
      125
      21
      79
      40
      92
      33
      25
      195
      50
      49
      91
      183
      6
      17
      15
      266
      84
      19
      90
      104
      75
      115
      26
      135
      128
      39
      147
      149
      26
      56
      22
      158
      41
      12
      100
      192
      30
      76
      7
      84
      31
      26
      69
      60
      30
      58
      5
      102
      36
      40
      58
      101
      44
      21
      2
      121
      51
      25
      86
      64
      77
      41
      8
      53
      166
      52
      95
      84
      16
      34
      7
      157
      68
      34
      27
      105
      21
      22
      1
      272
      42
      37
      107
      152
      48
      63
      12
      200
      69
      43
      111
      77
      61
      138
      19
      98
      78
      21
      96
      185
      27
      8
      4
      173
      149
      99
      72
      126
      71
      84
      11
      202
      58
      26
      62
      142
      143
      27
      83
      118
      64
      90
      102
      117
      105
      30
      17
      77
      61
      18
      51
      43
      25
      17
      5
      50
      66
      31
      38
      42
      37
      6
      2
      243
      23
      47
      68
      76
      28
      43
      17
      138
      60
      48
      114
      127
      46
      150
      11
      79
      49
      26
      130
      92
      57
      69
      8
      76
      144
      54
      56
      78
      30
      15
      6
      156
      38
      46
      48
      123
      26
      30
      2
      279
      52
      46
      123
      128
      18
      75
      18
      134
      73
      59
      126
      189
      48
      42
      3
      123
      75
      44
      77
      118
      27
      38
      2
      173
      31
      29
      88
      120
      40
      63
      10
      122
      65
      25
      106
      162
      42
      55
      2
      90
      18
      14
      56
      106
      26
      17
      3
      69
      47
      25
      57
      41
      7
      22
      0
      136
      30
      52
      139
      137
      61
      32
      15
      185
      40
      59
      98
      98
      25
      91
      3
      159
      80
      44
      123
      68
      23
      48
      21
      159
      107
      49
      114
      76
      78
      51
      0
      133
      89
      47
      108
      110
      38
      40
      11
      306
      132
      135
      121
      359
      85
      94
      63
      430
      158
      93
      166
      146
      69
      254
      90
      119
      182
      72
      277
      148
      81
      48
      10
      115
      98
      23
      98
      66
      24
      20
      3
      65
      33
      11
      36
      70
      33
      43
      1
      91
      68
      49
      66
      90
      16
      18
      2
      149
      18
      13
      61
      116
      57
      30
      25
      197
      105
      77
      129
      78
      9
      103
      5
      512
      26
      158
      107
      330
      67
      94
      41
      217
      26
      34
      163
      117
      42
      213
      15
      100
      185
      84
      143
      172
      32
      32
      4
      72
      33
      19
      64
      59
      44
      23
      2
      145
      65
      135
      90
      75
      23
      40
      3
      300
      118
      125
      129
      288
      53
      100
      45
      207
      89
      28
      169
      83
      78
      110
      63
      71
      186
      57
      210
      113
      37
      26
      1
      509
      79
      60
      28
      253
      44
      10
      16
      193
      43
      11
      98
      88
      95
      287
      5
      41
      248
      67
      18
      175
      20
      12
      3
      55
      37
      13
      20
      34
      10
      18
      1
      151
      7
      34
      56
      72
      41
      33
      8
      118
      29
      20
      43
      109
      26
      13
      5
      93
      24
      15
      61
      79
      28
      37
      4
      142
      78
      46
      180
      85
      28
      74
      11
      203
      103
      68
      157
      104
      56
      29
      6
      75
      84
      45
      131
      90
      33
      38
      16
      68
      29
      82
      65
      71
      8
      18
      7
      109
      27
      36
      57
      53
      33
      44
      47
      104
      66
      39
      83
      68
      48
      31
      18
      88
      90
      44
      48
      61
      38
      12
      1
      53
      58
      11
      77
      43
      43
      16
      0
      131
      76
      37
      74
      142
      21
      21
      11
      169
      10
      32
      95
      113
      52
      63
      20
      84
      116
      35
      198
      99
      79
      27
      14
      47
      51
      56
      84
      70
      19
      12
      0
      51
      46
      15
      45
      47
      16
      28
      1
      85
      51
      63
      48
      77
      12
      77
